262499383133
133275475019
808474347614
464109941435
911171458418
247898986818
741423749257
579209766316
670577380364
590279445799
822099951612
712991634326
145671413798
463135230889
212287582922
281497820090
814027135491
561127217978
239935760532
490491841342
927057525948
270063891376
672618863591
587238848020
996295930061
869900038468
253679105103
229411470538
839844932929
730933393312
621608739722
407788611177
242685258304
278330827170
112552145290
409534249106
710416259418
474589723387
393929424389
852499306096
476837549131
924168710337
964213687343
765641983012
579291263893
596244808297
634832045728
325673250705
925464237471
845091976076
956533153613
598764868750
760631485928
156767288952
723315771298
306985931373
617072957633
419084584550
476359386065
790446607737
656237572237
582181269179
675062970742
668362988989
577606018242
853604182922
400816375925
458163282475
246978081163
720779394557
100234021635
812864666034
692618640352
879603606388
210245031866
234816261130
192781813046
433201275191
351824873811
783163070886
